+-------------+------------+-----------------+---------------+-------------+-----------------+------------------------+
| lower_bound | total-time | max-thread-time |  message-len  |   iter-num  | avg-thread-time | aggregated-message-num |
+-------------+------------+-----------------+---------------+-------------+-----------------+------------------------+
|      0      |  26.2196   |     20.32406    | 14081053512.0 | 189949616.4 |     5.342856    |       58077016.2       |
|      1      |  26.73048  |     22.6846     | 14571518604.8 | 193978682.6 |     5.425606    |       59703118.8       |
|      2      |  26.00694  |     24.2686     | 14898685346.4 | 198027031.8 |      5.5797     |       60968299.0       |
|      3      |  25.96244  |     24.50352    | 14831399472.8 | 197497658.6 |     5.593566    |       60667851.4       |
|      4      |  26.02056  |     24.81864    | 14855359076.0 | 198105623.8 |     5.611876    |       60909332.4       |
|      5      |  26.09174  |     24.5417     | 14915622975.2 | 198491527.8 |     5.637266    |       60903297.0       |
|      6      |  26.97084  |     25.4654     | 15091361548.8 | 201213557.4 |     5.683176    |       61657267.4       |
|      7      |  26.07602  |     24.86674    | 14599871953.6 | 194411327.4 |     5.475166    |       59336397.0       |
|      8      |  25.74958  |     24.57328    | 14796276247.2 | 196539789.4 |     5.543234    |       60161935.2       |
|      9      |  26.79788  |     25.2179     | 14892326499.2 | 197988016.8 |     5.685194    |       60543175.6       |
|      10     |  26.19458  |     25.23764    | 15031479528.8 | 200119208.6 |     5.662334    |       61239950.0       |
|      20     |  25.17954  |     24.29674    | 15011514441.6 | 199673869.6 |     5.611338    |       61072736.2       |
|      40     |  25.9481   |     24.92812    | 15096908918.4 | 200407826.8 |     5.652844    |       62096155.4       |
|      60     |  26.27224  |     25.19596    | 15151935152.0 | 201461186.6 |     5.767704    |       62099812.2       |
|      80     |   25.364   |     24.71438    | 14971080544.8 | 198992244.8 |      5.5876     |       61943071.4       |
|     100     |  26.18576  |     25.25362    | 15026930882.4 | 199739212.4 |     5.726494    |       61969508.6       |
|  2147483647 | 122.09406  |     41.4647     | 20756901343.2 | 271529114.0 |     24.55826    |       64828584.0       |
+-------------+------------+-----------------+---------------+-------------+-----------------+------------------------+
