+-------------+------------+-----------------+---------------+-------------+-----------------+------------------------+
| lower_bound | total-time | max-thread-time |  message-len  |   iter-num  | avg-thread-time | aggregated-message-num |
+-------------+------------+-----------------+---------------+-------------+-----------------+------------------------+
|      0      |  15.85464  |     9.778046    | 14169339415.2 | 190265787.6 |     5.255608    |       62488279.2       |
|      1      |  17.42124  |    10.469796    | 15879394608.8 | 211797492.4 |     5.676314    |       62627982.2       |
|      2      |  18.63584  |    11.123538    | 16403501692.8 | 218258717.6 |     5.901648    |       63781332.2       |
|      3      |  18.03884  |    11.780664    | 16530336564.0 | 221214999.8 |     6.164856    |       64434198.6       |
|      4      |  18.1797   |    11.941752    | 16439559333.6 | 219748849.0 |     6.297694    |       63951331.8       |
|      5      |  19.16474  |    12.400902    | 17027927384.0 | 227824634.2 |     6.67449     |       65100930.6       |
|      6      |  19.30984  |    13.015216    | 17009780542.4 | 227720636.0 |     6.801326    |       65901795.6       |
|      7      |  19.36946  |     13.12172    | 17515429768.8 | 234035987.0 |     6.95201     |       66636538.0       |
|      8      |  18.93406  |     12.53834    | 17076781604.8 | 229493987.2 |     7.022322    |       65456878.0       |
|      9      |  19.2352   |     13.05174    | 17275746064.8 | 230593294.4 |     7.230392    |       65642219.2       |
|      10     |  19.5911   |     13.75274    | 17487643228.8 | 234175013.8 |     7.36681     |       65949615.0       |
|      20     |  20.94636  |     15.38598    | 17619717407.2 | 235766685.4 |     8.608502    |       66049093.0       |
|      40     |  21.29968  |     17.00814    | 17010927499.2 | 228186567.4 |     9.711632    |       66051593.6       |
|      60     |  23.98058  |     19.98468    | 18327252465.6 | 245228066.2 |     11.65338    |       67106729.2       |
|      80     |  23.01286  |     19.34256    | 17720420762.4 | 238087096.0 |     11.39569    |       67031754.4       |
|     100     |  21.8009   |     18.6144     | 16962715748.0 | 227137009.4 |     10.93646    |       63886017.2       |
|  2147483647 |  50.37678  |      33.263     | 20433907665.6 | 269804696.2 |     27.00614    |       64748992.4       |
+-------------+------------+-----------------+---------------+-------------+-----------------+------------------------+
