+-------------+------------+-----------------+---------------+-------------+-----------------+------------------------+
| lower_bound | total-time | max-thread-time |  message-len  |   iter-num  | avg-thread-time | aggregated-message-num |
+-------------+------------+-----------------+---------------+-------------+-----------------+------------------------+
|      0      |  35.38956  |     33.1028     | 13953269912.0 | 188157427.4 |     5.411174    |       59469629.2       |
|      1      |  35.0078   |     34.1511     | 13858767289.6 | 185638051.8 |     5.325294    |       64459738.4       |
|      2      |  33.57976  |     33.15256    | 13848534180.8 | 184712148.4 |     5.29388     |       65056210.2       |
|      3      |  35.06124  |     34.19354    | 13628308875.2 | 182242363.8 |     5.26198     |       63533736.2       |
|      4      |  34.79572  |     34.10478    | 14055228486.4 | 186912495.0 |     5.403562    |       65203502.8       |
|      5      |  34.95536  |     34.27288    | 14039442452.0 | 187472942.2 |     5.322986    |       65700652.2       |
|      6      |  34.2888   |     33.67744    | 13898551273.6 | 185247273.2 |     5.287866    |       64669134.6       |
|      7      |  34.28108  |     33.58622    | 13866670716.8 | 184868206.2 |     5.317148    |       64398145.2       |
|      8      |  34.73494  |     34.13606    | 14033852872.0 | 186605513.6 |     5.341504    |       64673244.2       |
|      9      |  35.2292   |     34.3985     | 14013788398.4 | 187410996.0 |     5.427246    |       65189752.0       |
|      10     |  34.19022  |     33.59728    | 13873479612.0 | 184907257.6 |     5.31466     |       64359421.2       |
|      20     |  34.8195   |     34.10382    | 13920763673.6 | 185723999.6 |     5.327128    |       65364934.4       |
|      40     |  33.8756   |     33.2359     | 13821387052.8 | 184300184.0 |     5.28458     |       65624885.0       |
|      60     |  34.51598  |     34.08816    | 13839456170.4 | 184372638.2 |     5.258462    |       64912670.4       |
|      80     |  35.46594  |     34.23646    | 14015328147.2 | 186148736.6 |     5.339122    |       65253572.2       |
|     100     |  35.03684  |     34.34458    | 14007416561.6 | 186352397.6 |     5.334568    |       66140461.2       |
|  2147483647 | 120.23522  |     63.29234    | 21447274434.4 | 275114844.2 |     31.20506    |       65779526.4       |
+-------------+------------+-----------------+---------------+-------------+-----------------+------------------------+
